1
1
1
1
1
1
d
7
7
7
7
d
1
1
1
1
1
1
1
1
1
1
6
6
7
11
11
11
11
7
6
6
1
1
1
1
1
1
1
d
11
11
11
10
10
10
10
11
11
10
d
1
1
1
1
1
d
11
10
a
a
11
10
10
10
10
a
11
11
d
1
1
1
6
11
10
10
4
2
4
10
10
10
10
b
2
2
b
6
1
1
e
11
a
4
2
2
2
c
11
10
b
17
2
2
2
3
1
1
6
11
a
2
2
16
16
16
a
10
4
2
2
16
16
12
1
5
7
11
a
2
2
16
15
15
a
10
4
2
17
15
15
13
f
7
11
10
a
17
2
16
15
14
a
10
b
2
17
14
15
3
7
7
11
10
10
11
4
2
17
a
10
10
10
b
2
2
9
11
7
7
11
10
10
10
a
b
11
10
10
10
10
a
b
b
11
11
7
7
11
10
10
10
10
10
10
10
10
10
10
10
10
10
10
11
7
7
11
10
10
10
10
10
10
10
10
10
10
10
10
10
10
11
7
7
11
10
10
10
11
10
10
10
10
10
10
11
10
10
10
11
7
7
11
10
10
10
11
11
10
10
10
10
11
11
10
10
10
11
7
7
11
10
11
11
6
e
11
10
10
11
e
6
11
11
10
11
7
d
7
11
11
e
1
5
7
11
11
7
5
1
e
11
11
7
d
1
d
7
7
1
1
1
5
7
7
5
1
1
1
7
7
d
1
