1
1
1
1
1
1
13
17
15
15
17
13
1
1
1
1
1
1
1
1
1
1
14
14
17
2
16
16
2
17
14
14
1
1
1
1
1
1
1
13
16
2
16
10
16
16
16
16
2
16
13
1
1
1
1
1
13
16
16
16
16
16
16
16
16
16
16
16
16
13
1
1
1
14
16
16
10
3
4
3
10
16
16
10
16
4
4
16
14
1
1
14
16
16
3
4
5
5
5
16
10
11
4
4
5
6
14
1
1
14
16
16
4
5
d
c
c
10
16
11
4
4
c
c
8
1
12
15
16
16
4
5
c
a
a
10
16
11
5
4
a
a
9
7
17
16
10
16
3
5
c
a
b
10
16
11
5
4
b
a
e
17
15
16
16
16
16
3
4
4
10
16
16
16
11
4
4
f
16
15
15
16
16
16
16
16
16
16
16
16
16
16
16
16
16
16
16
15
15
16
16
16
16
10
10
10
16
16
16
16
16
10
10
16
16
15
15
16
16
16
16
16
16
16
16
16
16
16
16
16
16
16
16
15
15
16
16
16
16
16
16
16
16
16
16
16
16
16
16
16
16
15
15
16
16
16
16
16
16
16
16
16
16
16
16
16
16
16
16
15
17
2
10
16
2
14
15
2
16
16
2
15
14
2
16
10
2
17
13
17
2
16
14
1
12
15
16
16
15
12
1
14
16
2
17
13
1
13
17
15
1
1
1
12
17
17
12
1
1
1
15
17
13
1
