1
1
1
1
1
1
11
13
13
13
13
11
1
1
1
1
1
1
1
1
1
1
11
12
13
14
14
14
14
13
12
11
1
1
1
1
1
1
1
11
14
14
14
14
14
14
14
14
14
14
11
1
1
1
1
1
11
14
14
14
14
14
14
14
14
14
14
14
14
11
1
1
1
12
17
4
4
17
14
14
14
14
10
4
10
14
14
14
11
1
1
e
d
5
4
d
16
14
14
18
5
5
4
10
14
14
12
1
1
6
a
a
4
5
15
14
14
a
a
3
5
4
14
14
11
1
2
b
8
8
3
5
15
14
14
8
8
a
5
4
14
14
12
2
13
c
8
9
3
5
15
14
14
7
8
a
5
d
14
14
14
13
13
14
f
4
5
16
14
14
14
14
10
5
18
14
14
14
14
13
13
14
14
16
16
14
14
14
14
14
17
16
17
14
14
14
14
13
13
14
14
14
14
14
14
14
14
14
14
14
14
14
14
14
14
13
13
14
14
14
14
14
14
14
14
14
14
14
14
14
14
14
14
13
13
14
14
14
14
14
14
14
14
14
14
14
14
14
14
14
14
13
13
14
14
14
14
14
14
14
14
14
14
14
14
14
14
14
14
13
13
14
13
11
14
14
14
13
2
2
13
14
14
14
11
13
14
13
13
14
11
1
11
14
14
13
1
1
13
14
14
11
1
11
14
13
12
11
1
1
1
12
13
12
1
1
12
13
12
1
1
1
11
12
